0,0,0,0,46,0,16,0,0,0,46,0,23,0,0,45,0,0,23,196,45,0,2,0,131,0,0,0,199,0,0,0,13,0,45,46,10,0,0,0,0,47,0,0,42,0,0,31,0,36,9,1,1,1,20,1,20,4,1,1,21,1,199,139,1,3,1,1,1,9,132,84,10,1,1,1,42,9,1,1,1,1,1,1,51,1,1,1,3,1,9,1,1,1,152,1,1,152,1,5,16,3,2,39,16,2,2,2,39,2,31,4,2,47,39,91,49,1,19,2,109,2,195,15,2,199,39,117
4,2,39,16,2,2,3,14,2,2,2,199,2,197,2,196,2,137,2,56,2,2,2,3,14,32,39,3,6,3,37,2,172,39,4,20,39,16,40,39,3,2,96,2,3,2,3,113,3,39,7,2,4,6,89,9,38,12,3,155,3,3,2,16,3,3,19,2,0,1,16,56,46,92,91,137,2,4,197,4,2,81,7,4,137,157,8,2,4,197,4,152,129,4,46,4,4,10,154,4,23,104,73,55,4,57,39,2,115,4,4,4,13,4,4,46,34,54,4,51,4,11,5,5,185,5,32,126
136,2,3,55,12,30,3,16,6,5,154,55,142,3,52,16,32,52,88,158,16,5,3,58,69,47,194,32,9,16,2,39,7,16,91,19,19,102,41,164,2,5,2,2,181,6,106,87,48,6,67,6,6,6,6,6,190,6,6,59,78,6,67,91,15,3,6,6,126,6,91,67,6,6,6,6,127,6,6,49,89,7,14,55,6,6,6,75,66,1,6,6,9,6,20,7,9,7,7,10,181,9,16,9,8,6,175,91,13,7,3,8,7,10,199,5,67,9,7,7,8,10,34,56,92,9,159,183
9,15,181,157,9,175,88,3,39,125,7,99,16,3,3,16,8,38,39,8,75,8,8,8,36,110,8,9,10,115,7,42,8,8,8,8,8,37,8,9,16,8,8,43,9,8,8,42,122,8,92,8,8,11,8,8,9,36,8,22,8,9,40,40,152,8,9,96,9,9,9,9,20,9,56,9,1,139,113,197,56,9,91,39,5,55,9,46,3,9,57,139,21,9,9,9,9,21,51,40,8,99,9,9,7,9,16,12,91,9,75,51,7,89,59,176,39,8,6,166,16,10,44,8,10,7,99,1
6,16,10,162,122,11,10,15,181,10,22,122,39,39,10,117,41,2,10,42,16,1,11,10,3,3,59,6,39,55,16,188,51,10,99,10,10,16,20,11,80,48,104,22,11,56,23,86,14,51,11,21,6,2,151,48,11,20,22,20,12,11,22,20,11,34,56,91,8,4,56,11,74,51,11,11,120,37,11,11,11,55,55,20,11,71,142,11,12,55,12,20,32,54,176,12,12,20,3,54,12,53,29,55,12,48,32,32,12,56,12,12,55,54,54,54,154,16,12,51,57,9,38,134,54,55,12,48
12,99,12,12,55,32,40,9,48,80,13,91,13,13,23,13,13,13,13,196,174,6,13,23,13,55,23,13,72,71,23,14,13,23,102,13,13,148,168,13,152,23,13,6,23,13,13,13,13,13,96,158,13,23,13,23,13,13,23,92,88,14,14,14,14,14,14,196,196,2,196,14,2,14,183,46,194,6,14,196,14,6,14,186,183,75,6,14,183,23,196,2,14,14,42,149,14,6,134,14,14,196,14,46,14,196,178,152,14,14,15,188,67,99,8,15,15,2,5,3,47,99,16,2,194,15,3,81
16,54,192,15,39,15,6,149,3,64,23,35,46,79,15,3,2,54,40,39,16,16,15,15,178,10,36,22,16,16,32,187,16,3,39,122,10,16,168,99,16,4,93,16,74,199,199,16,89,42,16,64,17,36,16,16,179,36,7,199,83,16,16,181,14,4,185,16,16,99,6,15,2,89,15,16,15,16,55,39,4,23,46,1,17,46,196,96,46,17,92,6,14,19,46,17,46,22,196,17,174,176,9,161,85,183,3,85,17,19,31,17,159,46,17,1,16,29,22,17,185,183,183,23,17,2,46,3
16,46,46,17,149,190,7,172,68,184,176,168,63,92,177,181,148,18,79,180,186,79,19,188,180,99,159,18,59,82,9,18,18,97,9,184,46,144,189,18,18,85,148,77,190,63,180,18,171,20,60,59,5,9,19,16,196,10,2,199,5,19,149,59,5,19,1,194,4,89,19,19,19,7,46,93,19,4,46,3,7,19,40,9,41,9,19,4,46,2,20,190,19,149,66,196,19,150,19,19,19,18,19,19,183,22,20,20,20,20,11,20,20,52,20,56,22,22,39,102,46,20,20,20,76,139,20,3
3,20,22,27,21,11,20,20,78,20,20,51,159,20,20,20,35,56,16,56,36,20,20,84,122,20,21,23,21,148,55,21,22,109,21,197,23,21,49,21,21,21,22,21,21,21,63,21,99,23,60,21,99,21,54,21,172,21,21,21,21,22,170,21,52,21,20,21,31,122,11,22,21,20,172,22,12,22,91,63,137,22,22,22,20,22,22,22,22,22,22,159,22,22,22,22,137,194,22,22,20,197,22,22,22,122,22,22,22,110,159,197,95,157,20,22,51,22,22,21,154,51,11,122,22,22,23,23
23,23,23,23,23,23,23,23,23,23,23,23,122,23,23,23,23,46,23,23,23,23,23,23,23,23,23,23,55,22,22,23,23,23,23,23,55,23,23,23,23,23,23,23,23,23,23,23,12,24,139,56,29,122,54,32,131,120,29,161,109,63,25,12,29,194,54,6,119,29,92,56,29,76,52,25,32,56,29,47,52,47,60,181,9,20,175,59,32,51,65,73,24,160,35,179,28,76,28,55,25,31,13,26,25,72,35,29,25,161,24,54,24,9,25,32,28,183,27,25,15,35,181,51,24,34,30,104
56,176,25,25,25,9,25,174,5,25,9,24,99,28,25,25,24,53,25,171,26,51,29,26,27,26,35,69,33,197,26,175,32,29,52,59,27,53,24,29,26,35,26,26,26,26,32,125,46,28,26,35,26,56,26,56,26,34,26,5,26,51,56,130,26,55,22,26,51,51,27,29,51,9,28,51,49,26,53,28,31,5,29,6,120,181,55,32,20,56,131,50,55,75,26,147,129,20,20,73,55,24,55,84,53,55,22,55,9,27,30,56,20,181,139,52,26,24,26,9,32,54,92,49,56,28,54,28
29,29,105,104,20,143,54,55,58,28,60,114,29,54,20,29,51,28,24,114,47,35,40,100,59,25,59,48,28,14,48,56,28,32,92,54,55,28,53,28,52,55,29,85,16,148,29,29,105,80,129,24,46,75,29,54,84,29,29,29,20,26,29,55,11,29,28,55,16,27,29,28,53,55,26,56,29,131,29,57,32,194,47,56,50,28,29,29,29,2,91,2,30,32,35,68,122,56,106,30,149,106,32,49,89,6,20,199,29,32,55,161,32,31,31,117,56,32,59,32,28,32,32,31,124,32,50,79
32,53,32,54,2,32,16,54,53,3,92,29,41,21,199,31,32,31,31,31,2,31,32,56,31,29,53,22,161,106,32,136,31,29,35,31,47,50,31,23,31,1,31,32,32,12,25,31,31,31,31,31,117,32,31,31,23,32,31,172,47,31,31,29,29,32,72,46,85,109,42,137,140,142,124,56,135,30,29,32,32,9,4,32,32,55,165,199,172,167,31,12,32,92,32,39,105,72,72,47,150,73,92,40,30,85,32,29,32,74,161,141,53,34,102,32,16,56,51,32,56,56,22,56,51,12,46,57
12,32,32,91,34,54,76,32,39,30,56,9,33,139,91,54,4,52,35,31,56,48,199,2,5,33,31,53,23,91,53,54,56,39,34,53,34,34,31,56,56,34,47,34,34,56,53,152,34,56,34,91,56,50,91,35,34,56,35,34,49,32,28,56,56,34,56,35,51,51,3,34,34,92,57,34,29,56,20,55,3,6,49,56,32,7,35,35,84,106,15,56,35,56,35,56,55,56,76,35,11,56,35,55,35,35,35,50,26,56,51,54,23,35,35,35,54,199,46,35,51,84,55,55,48,35,56,35
35,37,35,35,48,23,55,35,36,36,36,36,36,36,37,36,38,188,199,36,36,37,36,129,39,36,36,36,39,39,36,36,168,36,45,37,131,36,36,197,36,36,36,36,139,36,36,73,36,36,36,36,26,36,11,37,16,36,55,30,36,1,37,3,148,16,75,37,37,37,31,3,37,39,37,37,21,38,37,197,37,37,37,38,8,0,8,39,37,38,115,38,17,37,174,37,39,41,41,36,37,40,199,9,9,99,37,20,45,39,38,38,37,38,37,3,38,38,38,75,37,199,37,38,38,38,37,38
16,192,36,139,38,199,20,38,44,44,37,188,38,38,2,38,3,38,38,37,28,76,199,38,37,39,39,20,39,37,39,16,39,149,20,82,39,42,107,39,39,42,39,39,42,39,137,39,39,40,3,39,168,39,42,39,122,39,39,39,4,42,39,39,39,42,39,39,39,39,39,39,42,39,39,198,15,39,39,20,39,39,39,45,39,40,99,39,199,40,99,23,92,99,39,46,180,88,199,40,92,40,99,99,42,139,42,109,186,10,43,42,88,16,185,40,40,42,40,40,40,2,39,199,199,40,188,40
159,16,41,8,36,41,8,25,7,10,9,115,76,41,3,199,20,41,15,60,10,15,37,139,179,15,46,41,23,1,41,41,35,37,15,7,20,190,4,39,50,41,39,91,117,10,42,10,7,54,39,27,39,42,199,3,188,148,22,2,16,5,15,42,40,42,42,42,39,188,10,16,20,39,122,42,23,42,40,64,4,42,39,42,144,21,39,42,79,99,42,42,42,42,39,39,42,42,64,42,40,16,39,36,20,39,9,43,40,43,39,43,43,40,10,15,199,122,43,43,199,39,13,43,7,167,162,39
39,39,43,39,43,20,39,148,43,39,1,43,199,39,40,40,43,42,45,39,43,43,38,41,44,39,44,19,37,20,44,44,107,176,44,44,44,44,59,176,39,44,76,22,44,44,38,176,18,39,44,3,37,16,44,44,44,44,2,42,18,44,126,152,44,44,2,135,44,44,101,44,44,3,17,45,187,39,16,45,45,183,38,187,45,45,45,45,45,45,45,45,45,45,117,38,188,2,183,45,39,158,45,45,196,45,45,16,45,16,42,42,45,45,184,183,107,45,45,45,183,45,45,199,14,148,46,148
46,46,2,46,46,4,46,46,46,199,63,46,96,46,46,47,46,88,23,46,4,32,46,14,16,96,46,46,134,46,16,16,46,6,46,55,99,14,7,196,158,196,46,46,19,46,31,131,76,54,31,47,47,185,47,47,31,47,47,53,47,54,24,188,161,24,23,31,47,38,186,47,14,26,47,58,16,32,72,181,34,48,6,47,47,16,47,48,51,47,6,126,31,51,156,32,48,114,56,14,76,55,158,48,56,52,49,50,52,57,55,82,129,175,176,3,31,51,48,57,55,12,3,50,48,48,19,23
99,48,144,48,94,48,55,48,48,48,20,50,49,9,35,56,66,6,76,197,66,55,49,49,76,49,119,139,92,120,53,194,49,55,49,55,49,49,20,164,35,53,49,53,49,150,54,159,50,66,34,49,55,49,164,88,194,66,24,4,63,55,49,23,161,26,136,49,55,50,48,50,50,51,22,29,50,35,29,50,29,27,50,57,140,50,50,50,50,49,50,56,28,50,55,55,52,50,195,50,35,16,50,54,50,6,50,50,57,49,50,50,57,35,49,31,50,50,9,33,48,34,51,51,29,53,75,49
54,50,88,51,51,47,56,4,51,76,84,46,49,49,51,51,51,55,194,56,51,101,91,51,51,28,46,51,4,16,20,51,96,56,51,20,51,51,51,91,136,66,6,56,52,32,26,52,52,52,52,52,52,52,56,52,51,52,52,52,188,51,34,55,52,114,52,49,91,52,57,76,52,52,52,74,52,39,198,52,52,66,52,52,185,7,52,51,114,52,56,57,34,26,49,27,51,49,53,53,55,53,49,53,158,49,180,53,76,56,56,52,49,91,53,34,57,51,51,28,57,53,57,53,53,35,163,84
32,57,53,164,57,57,198,53,26,57,57,26,54,54,54,32,55,54,31,12,54,162,55,54,56,54,55,76,54,54,33,54,54,183,26,23,48,56,152,152,55,54,54,55,54,45,55,99,54,55,21,56,81,11,55,54,27,54,55,56,54,54,55,55,55,55,55,55,114,55,55,72,55,20,55,109,55,55,12,55,27,55,55,35,55,55,127,55,55,4,55,150,92,27,54,123,55,102,55,55,55,67,55,27,54,2,122,55,142,55,55,55,51,55,29,56,29,56,56,55,56,55,31,56,56,57,55,56
55,54,56,35,23,64,56,56,56,56,26,55,56,57,56,48,56,55,8,199,57,55,76,173,56,56,54,55,182,157,57,35,56,197,84,48,57,57,197,57,49,170,55,57,53,49,67,9,35,58,57,197,57,56,57,96,63,57,57,57,57,57,35,57,23,57,57,57,57,57,57,57,57,96,57,49,54,34,57,57,49,57,66,56,9,31,58,54,58,58,12,56,58,2,35,54,58,54,55,35,58,20,58,100,58,58,54,58,21,38,58,48,35,58,54,55,35,52,55,58,58,58,172,58,48,58,35,35
58,46,60,58,35,49,59,67,59,72,188,59,176,180,126,130,92,73,182,156,184,149,76,140,59,59,92,59,142,59,59,0,59,179,126,158,123,59,41,92,59,59,92,114,169,96,125,92,63,59,184,49,99,144,59,3,172,60,63,150,129,60,60,132,151,60,75,28,180,67,175,60,60,60,60,40,60,60,123,131,99,60,149,60,79,60,60,99,60,60,27,60,9,60,60,60,128,60,60,60,60,135,60,60,60,60,61,152,142,61,65,61,98,59,183,61,126,61,61,63,126,73,61,61,126,136,169,78
169,61,61,73,32,67,126,65,61,126,61,61,126,129,61,151,82,59,146,61,61,104,61,67,126,61,61,126,62,31,85,176,134,151,59,176,63,85,67,120,73,90,151,72,76,62,151,120,142,62,110,126,73,180,62,126,62,176,63,109,134,149,85,60,62,134,76,169,28,85,119,142,190,62,62,161,63,151,63,75,109,72,63,24,151,63,63,63,175,63,160,20,63,29,29,160,63,63,85,63,132,172,42,122,3,152,60,63,63,63,63,63,134,63,127,122,63,81,103,75,84,63,63,126,155,155,47,165
158,63,159,129,57,80,129,142,64,169,168,87,59,56,81,61,159,64,168,92,168,64,6,157,80,106,99,64,129,92,96,170,11,81,126,36,160,98,114,139,125,145,85,63,109,181,126,126,157,85,151,166,106,82,63,5,145,136,97,150,128,32,119,112,49,119,85,63,98,142,76,164,142,176,64,85,176,123,111,68,82,84,59,167,98,60,98,128,63,73,77,100,65,64,111,92,109,92,59,32,66,84,66,131,28,49,180,124,58,115,66,66,102,66,54,66,103,66,66,152,66,9,66,165,170,170,66,66
66,154,66,66,162,6,99,66,63,170,55,66,151,66,66,170,66,66,114,66,66,194,101,79,67,49,49,67,67,198,55,80,72,54,168,67,172,113,131,67,67,131,92,158,24,67,167,85,158,67,140,84,113,55,140,49,155,67,151,67,87,88,122,150,172,126,142,62,172,96,160,93,73,68,171,68,99,171,74,171,171,172,7,99,171,67,143,163,68,171,68,171,120,68,69,157,161,24,109,126,150,68,62,68,68,171,68,120,68,171,68,74,28,147,68,76,68,89,68,68,163,176,69,159,69,110,110,92
69,69,79,116,69,116,101,131,110,131,131,69,72,69,21,20,131,22,98,41,158,72,46,69,84,134,90,131,142,47,83,160,159,69,122,72,98,169,175,69,69,85,183,22,70,194,92,111,70,70,160,108,70,70,136,70,63,70,116,160,70,133,75,84,94,70,94,70,94,153,70,137,70,70,94,70,153,70,94,94,5,94,64,153,133,78,81,111,95,51,70,70,94,127,197,71,22,71,172,71,71,71,71,53,71,118,23,71,124,137,22,129,71,71,195,71,124,71,71,20,71,71,71,197,157,71,71,71
197,88,195,122,71,71,124,101,71,96,173,157,115,31,71,157,72,72,175,12,72,40,80,72,15,184,72,28,31,62,33,127,72,110,123,72,144,63,72,172,72,72,72,128,135,72,72,109,76,72,67,0,175,72,90,102,144,168,186,151,151,72,72,72,73,72,108,73,73,117,149,73,73,134,135,135,112,135,73,73,112,0,88,59,73,9,76,79,72,79,85,73,135,3,164,142,73,142,55,85,0,76,98,73,73,73,155,73,20,59,80,135,61,102,92,73,99,74,158,74,180,158,32,158,74,100,150,74
180,74,27,158,180,148,75,169,74,74,9,28,74,119,29,74,158,74,74,53,75,99,74,54,142,142,112,74,74,74,173,50,74,74,72,3,69,85,60,55,21,75,105,75,181,75,63,129,75,75,119,75,75,75,161,170,110,75,153,75,75,75,75,117,47,21,77,197,75,135,150,29,172,199,62,5,123,22,137,55,4,64,64,163,75,75,126,112,175,162,4,63,199,23,64,127,76,76,142,63,91,118,20,54,3,106,102,86,32,20,55,118,129,76,2,76,10,199,108,63,102,114,157,76,67,21,16,75
64,55,42,85,122,109,76,58,76,124,105,123,167,60,151,99,80,99,99,48,106,63,125,141,130,21,92,123,51,48,55,108,92,68,75,122,32,27,119,123,60,131,28,17,60,60,64,29,28,123,172,151,89,98,170,158,181,105,123,104,78,12,78,78,63,78,137,78,78,55,172,78,103,76,78,110,78,134,84,78,78,78,169,78,78,78,78,67,76,67,78,78,4,78,78,78,78,78,88,131,78,78,78,151,78,78,55,78,78,127,139,121,112,135,79,164,92,96,122,112,168,122,79,151,79,141,72,43
152,79,142,79,79,144,151,124,110,66,76,59,122,129,79,168,40,122,79,40,39,79,119,109,136,79,132,131,151,171,125,79,89,156,86,80,172,29,127,89,172,153,80,136,158,139,75,180,163,80,172,72,184,8,22,175,168,172,80,84,21,67,63,72,81,76,66,122,52,75,80,80,195,42,72,80,76,67,131,184,113,149,81,53,81,81,81,136,96,81,81,81,81,81,137,137,81,23,81,81,81,81,73,81,81,81,23,81,81,150,122,81,81,96,81,81,168,127,81,81,81,129,176,158,81,81,81,81
81,81,81,81,82,99,82,82,174,82,82,32,73,82,82,82,82,82,107,82,142,82,82,66,75,146,99,64,67,82,176,82,146,149,14,82,82,99,168,191,40,129,48,49,82,25,128,102,82,82,162,167,137,102,7,149,75,9,83,160,72,172,175,63,135,174,163,171,0,83,72,68,76,113,109,18,99,119,180,99,5,83,186,175,123,83,92,99,83,175,179,163,131,160,183,28,83,150,83,0,184,83,135,50,106,55,7,37,101,129,119,49,196,84,118,170,194,4,84,57,84,49,84,11,139,99,84,29
84,199,51,84,49,194,84,124,84,137,84,49,84,142,157,76,84,20,55,107,49,162,197,49,56,54,175,150,6,60,85,180,85,85,134,108,175,180,63,56,169,120,6,134,169,60,134,67,85,85,134,169,85,169,186,27,90,6,123,72,169,134,55,148,134,168,123,12,151,85,120,63,85,169,85,9,128,198,131,60,106,128,72,86,127,54,128,72,86,127,86,128,32,92,92,78,92,131,85,86,151,140,172,127,129,72,120,86,128,140,135,128,72,151,128,119,86,110,86,86,86,80,131,127,72,86,128,87
87,159,127,12,99,72,126,63,72,72,68,92,92,110,94,151,63,92,168,87,87,122,121,139,101,167,87,122,67,63,87,139,176,63,87,87,172,67,159,168,92,63,139,81,94,110,73,87,42,148,88,195,137,131,88,5,92,122,104,188,30,88,88,76,99,5,10,198,88,161,136,84,11,14,72,122,88,95,131,74,92,159,40,108,152,59,88,55,137,162,88,19,139,22,74,139,20,3,89,67,110,67,151,89,98,92,98,47,127,145,67,155,73,98,188,76,53,89,89,67,67,110,92,123,151,89,162,91
89,151,194,89,89,91,72,151,72,89,63,162,4,89,59,89,67,89,92,142,151,131,90,90,186,90,36,90,90,90,90,76,149,110,63,90,90,149,62,127,163,29,123,63,168,149,90,189,149,63,62,90,90,134,172,132,46,90,63,90,90,18,90,149,138,149,90,90,180,90,93,91,136,91,8,91,195,91,91,46,3,16,50,102,91,91,91,194,54,91,91,16,132,56,67,91,76,91,91,57,165,32,46,91,96,55,91,91,91,157,84,57,91,142,100,72,56,105,6,91,21,139,92,99,109,2,24,97
92,67,69,92,86,59,67,114,96,170,83,99,92,92,110,101,188,6,81,59,92,116,92,104,92,199,99,92,81,122,99,72,99,103,83,92,92,78,92,92,199,92,5,89,82,93,176,149,82,14,93,127,19,93,16,146,82,171,82,93,67,93,82,18,116,118,176,74,69,98,178,97,142,168,0,5,93,59,93,176,40,181,61,112,162,19,46,93,100,89,62,93,94,70,179,198,94,94,94,153,160,87,94,94,153,153,94,94,94,70,94,145,94,59,164,94,153,153,94,94,94,94,94,153,94,153,116,94
110,194,94,94,50,121,75,87,94,94,94,94,94,153,96,95,95,157,70,159,43,95,135,56,22,173,95,101,95,49,122,119,137,124,154,120,118,195,84,71,28,113,95,53,129,108,24,19,94,101,132,115,165,68,95,154,95,154,131,132,103,95,95,148,162,67,129,66,96,96,170,157,96,96,170,91,96,85,170,170,198,170,96,170,198,96,96,154,81,96,63,53,96,172,197,3,72,172,194,197,122,67,154,2,66,66,96,96,72,115,96,75,170,194,5,97,111,82,122,98,16,54,68,133,59,86,87,142
121,67,89,92,97,97,63,81,131,147,97,82,136,159,89,84,82,97,151,75,99,97,55,40,67,15,67,164,98,67,97,75,176,136,136,136,59,19,159,139,98,183,172,98,98,98,142,142,65,72,172,142,188,179,98,63,174,89,98,99,128,84,98,98,98,39,98,91,140,98,142,109,98,72,103,67,98,98,137,142,98,65,4,98,98,98,99,99,54,56,114,161,103,122,178,123,106,168,92,106,60,37,99,60,99,136,64,126,99,24,99,158,176,99,161,57,99,124,92,82,92,99,139,39,99,60,99,137
99,68,53,188,99,73,4,68,127,158,63,105,114,127,151,29,60,58,139,86,130,142,110,9,92,24,24,32,34,77,92,136,150,139,120,113,159,138,135,67,123,163,100,109,155,73,84,119,131,144,92,63,92,65,188,65,131,168,194,101,129,66,101,73,124,101,127,75,101,101,101,101,101,101,124,20,132,132,101,101,115,198,101,173,165,101,95,101,101,101,101,172,176,101,132,101,101,49,166,71,101,101,99,22,101,132,198,132,113,90,126,59,173,199,124,122,106,4,76,65,152,81,129,102,188,49,102,40
13,102,32,78,1,161,155,124,102,123,21,129,102,102,127,103,57,84,31,170,102,102,197,169,142,72,49,84,63,119,103,194,55,103,59,103,103,103,94,103,103,103,164,103,103,129,103,103,103,67,195,103,166,119,103,103,78,84,157,103,103,109,103,103,103,103,103,103,103,103,103,103,194,96,103,128,55,157,103,103,104,18,104,144,174,174,104,175,175,187,174,99,99,63,104,113,174,174,174,21,174,136,123,104,183,155,188,117,175,92,45,141,186,186,104,89,99,113,104,84,182,174,182,182,104,104,136,104
174,94,105,20,55,105,105,50,134,134,175,173,106,160,140,60,28,9,169,100,55,134,55,105,142,105,105,32,40,120,32,120,9,60,63,32,136,82,16,53,105,13,105,172,49,105,53,32,55,63,120,105,13,54,123,27,135,63,120,106,139,172,37,131,106,63,131,139,75,75,27,32,6,106,9,119,63,63,138,92,99,59,106,119,106,169,112,106,180,60,28,63,151,106,55,55,0,109,60,106,110,92,111,107,122,107,59,107,164,99,107,107,107,114,107,188,24,107,59,107,114,107,63,107,96,107,107,27
107,84,107,36,107,107,107,121,60,107,27,139,108,164,148,153,107,107,108,107,164,107,107,153,108,84,102,119,108,142,56,108,108,108,108,108,48,108,108,108,122,96,154,158,64,108,18,108,108,108,72,108,108,108,135,108,148,108,108,176,108,142,108,81,108,108,66,33,65,108,87,164,142,108,109,109,63,109,99,109,109,139,122,161,21,109,99,99,135,29,151,64,109,63,117,5,42,109,163,119,109,158,89,120,109,63,109,163,63,88,42,172,172,109,73,92,157,92,60,109,161,172,100,109,155,110,168,110
110,128,110,110,174,194,92,131,130,110,63,32,144,110,158,69,122,159,110,140,110,23,169,110,134,103,127,87,137,197,128,72,76,122,172,139,128,87,110,122,172,183,110,131,110,75,85,12,111,105,111,111,176,111,111,84,136,114,127,164,164,106,128,169,81,140,111,120,111,111,111,67,111,9,94,84,120,119,112,111,111,111,65,111,111,111,111,9,176,111,168,119,147,88,111,129,163,58,105,112,16,149,180,158,83,74,169,150,109,112,119,24,60,15,161,9,112,112,120,60,60,126,57,112,112,112,120,85
120,159,176,105,169,105,180,106,12,112,180,158,120,68,127,159,169,76,142,113,174,67,179,79,99,159,113,168,40,138,119,185,113,113,40,113,173,158,126,168,131,99,115,113,142,117,110,67,98,113,113,113,172,77,113,79,6,44,132,151,178,63,113,83,187,31,106,141,84,84,179,82,199,114,114,102,148,114,99,67,20,114,55,107,76,168,114,36,189,75,164,171,164,197,66,51,114,79,114,111,135,127,164,114,135,119,114,114,84,60,184,114,114,114,63,114,159,56,115,115,46,115,115,159,107,115,115,54
115,115,95,115,121,115,82,63,41,115,115,115,115,115,115,157,148,115,145,115,115,115,107,148,115,198,145,115,115,115,115,115,108,115,115,115,166,115,115,18,116,123,121,110,116,107,166,157,116,99,197,116,94,49,116,70,164,182,60,70,75,171,94,137,18,92,81,94,70,91,116,164,116,159,116,108,121,116,153,81,116,116,49,94,153,116,94,94,86,94,2,63,117,171,73,117,159,151,117,5,155,117,122,73,174,141,139,169,117,117,87,117,110,139,151,117,139,142,65,117,148,139,98,117,106,117,139,110
22,108,151,117,172,117,106,181,3,117,20,117,118,66,118,49,132,118,114,60,196,118,73,118,164,118,52,79,118,168,118,127,109,137,118,197,44,52,60,84,20,118,118,176,157,118,118,137,38,161,118,118,118,118,118,118,196,95,84,114,118,4,9,120,29,122,88,5,119,119,55,58,136,75,122,112,56,119,119,75,106,131,183,119,167,119,60,105,9,125,120,105,86,63,123,119,158,132,58,119,122,65,5,119,120,2,158,84,106,169,119,125,158,142,64,120,169,120,24,74,105,120,145,159,120,29,60,62
74,131,74,60,63,77,16,120,158,26,91,67,120,147,74,158,144,120,120,69,102,24,28,28,9,86,136,20,169,120,68,10,120,189,70,87,121,121,121,121,121,70,162,121,164,121,115,66,159,197,121,121,70,70,127,112,121,121,116,121,133,66,32,145,39,84,162,145,121,70,121,133,197,194,121,154,181,121,121,119,22,107,69,70,75,129,20,122,159,16,161,151,99,26,91,59,122,122,122,8,137,88,132,122,57,15,92,22,99,38,58,22,42,168,26,76,22,16,122,15,10,48,26,151,122,122,42,151
131,72,39,3,75,72,123,123,159,28,73,85,60,104,53,60,54,73,123,57,168,62,180,63,80,37,60,60,60,163,29,75,163,57,99,99,31,131,120,123,160,71,63,89,123,75,123,172,31,131,180,99,123,123,123,138,124,88,124,109,124,137,124,105,124,124,124,173,129,124,124,124,124,124,101,135,124,124,82,124,124,124,124,157,124,124,140,154,124,198,124,124,124,124,124,124,124,124,124,124,124,124,124,124,122,124,59,123,5,95,99,95,123,12,157,158,89,157,125,125,135,28,183,99,123,122,199,125
99,122,92,95,123,125,103,169,159,136,110,188,171,61,88,125,163,60,112,132,60,105,139,125,131,161,99,112,126,150,109,126,61,126,126,126,126,142,126,56,126,9,126,126,142,126,126,172,126,129,126,126,126,126,126,67,52,126,109,92,126,102,170,126,126,63,126,126,63,102,142,56,55,126,39,129,126,126,20,21,72,164,127,6,60,128,78,117,127,127,75,127,127,197,127,30,127,142,92,129,137,172,127,72,28,193,106,104,49,81,127,149,127,127,75,110,127,127,86,151,198,72,29,127,139,67,135,6
59,60,86,140,109,128,128,144,128,128,128,105,151,127,162,158,60,172,128,64,127,55,126,127,63,138,63,108,128,172,106,92,128,128,60,128,167,135,127,72,172,72,128,167,122,127,61,128,128,76,12,93,129,129,196,108,66,61,129,170,129,129,129,129,181,129,129,129,129,129,71,129,72,129,129,172,103,170,129,64,129,129,129,129,71,43,129,129,126,129,129,60,129,129,129,22,74,129,129,129,79,130,130,130,130,130,127,131,160,117,109,72,131,130,72,117,172,144,130,130,139,179,184,131,130,99,159,80
186,151,130,151,65,130,186,72,90,22,104,79,147,103,184,0,109,72,72,122,99,187,99,131,99,140,32,131,172,92,63,76,60,142,125,197,49,13,158,59,198,99,32,85,199,135,174,123,25,180,159,39,60,131,106,127,123,76,100,49,69,69,172,139,123,142,123,175,99,172,106,72,171,137,124,63,101,92,132,197,132,40,74,130,99,157,95,128,197,154,124,71,124,68,124,118,132,131,122,63,159,78,152,101,129,142,197,171,16,163,113,132,63,159,149,124,137,21,185,99,129,99,133,121,133,133,133,84
116,94,133,133,84,133,94,110,133,121,133,153,133,166,133,133,133,92,133,153,75,133,133,94,133,121,194,133,110,133,133,133,81,94,133,133,121,116,133,133,70,70,107,94,102,134,190,99,134,98,118,67,156,162,134,85,19,134,112,168,134,99,134,134,6,134,169,85,134,134,122,149,63,85,164,149,106,16,60,63,134,134,151,134,5,165,151,99,85,60,82,122,134,45,3,172,172,91,139,67,89,85,73,73,135,176,178,186,59,73,59,73,67,176,73,59,67,172,163,72,135,117,103,148,60,155,76,76
73,73,168,127,26,130,65,98,42,76,135,172,110,123,72,159,12,160,18,123,140,175,136,136,63,136,136,55,172,131,30,32,136,39,92,127,111,127,92,65,172,98,136,25,67,81,28,30,136,160,63,5,131,136,136,20,85,51,182,92,28,199,181,67,178,172,22,70,55,69,55,137,127,137,84,172,135,12,116,0,137,137,81,16,137,94,91,92,16,137,137,110,69,55,95,170,92,36,95,100,75,135,9,124,168,124,22,75,175,137,72,23,95,21,71,122,189,63,109,128,76,123,60,158,138,180,67,127
110,92,172,123,100,172,63,29,49,113,131,23,171,186,73,127,159,63,172,21,135,6,138,62,163,144,151,99,168,140,113,120,127,24,71,167,131,76,66,194,139,148,198,161,10,32,139,168,139,139,55,123,163,109,22,198,89,148,111,92,139,155,183,139,79,16,139,21,16,122,92,122,139,29,167,140,169,32,48,136,132,99,9,83,72,139,2,183,72,140,180,176,93,67,136,72,140,86,73,59,169,140,188,83,169,121,110,167,140,164,128,148,145,79,140,167,109,148,140,86,24,140,136,67,147,131,140,110
123,167,140,174,72,67,140,140,140,159,59,81,110,116,141,125,92,75,167,73,74,103,130,75,63,127,154,73,176,128,72,141,23,106,70,92,110,137,92,151,42,73,92,170,168,199,135,199,92,159,5,141,131,173,135,160,139,127,151,30,131,63,51,142,136,123,142,142,11,157,142,142,24,73,142,142,142,142,2,142,142,142,142,63,61,108,142,5,106,32,142,145,129,63,64,135,142,172,142,142,67,142,128,102,142,175,142,127,149,155,143,143,143,143,13,143,179,24,51,120,143,143,29,143,114,143,143,143
143,68,28,107,99,84,11,20,143,143,143,143,197,39,29,136,143,143,143,143,139,143,114,143,198,60,143,112,29,123,143,55,144,26,139,158,131,99,168,67,144,144,144,179,149,122,28,142,81,99,110,125,6,172,142,99,144,180,172,125,181,135,104,139,144,139,55,149,65,117,51,180,188,144,32,144,6,144,170,63,16,144,145,145,166,145,145,145,166,115,145,145,145,145,114,194,145,145,154,145,145,145,145,59,145,129,49,145,145,145,145,145,145,145,145,104,145,128,145,145,145,145,104,145,154,130,145,133
145,145,115,145,146,59,194,103,129,146,107,146,176,97,111,146,176,146,146,164,166,146,146,102,166,127,146,164,92,146,171,88,114,198,129,157,164,73,59,110,146,75,128,128,59,129,92,118,103,38,59,129,92,103,135,29,123,147,147,110,73,59,73,142,176,142,59,98,119,97,103,147,69,92,112,157,168,99,58,160,67,86,63,147,142,147,102,70,147,162,169,63,142,64,182,147,97,73,67,55,92,39,5,146,23,148,148,137,60,148,74,74,22,23,158,82,148,148,21,60,74,148,122,23,115,148,63,20
148,148,23,35,23,22,55,60,58,23,148,148,196,22,161,148,23,89,194,115,159,43,148,196,148,23,149,40,134,1,63,149,149,130,63,134,124,79,90,123,149,40,111,134,175,149,149,149,178,46,149,73,134,149,149,149,85,160,134,4,172,128,16,73,90,154,4,159,72,172,63,77,180,86,172,183,5,28,85,106,63,150,150,191,168,5,155,131,104,65,150,150,181,175,150,150,55,150,167,77,182,150,169,32,150,90,150,150,119,144,171,106,123,60,16,169,131,162,24,171,150,35,175,128,134,32,131,151
109,169,134,151,78,151,151,122,134,82,131,67,127,151,163,122,97,89,160,92,151,129,151,137,151,72,172,142,48,126,72,76,130,63,32,104,151,151,139,140,151,129,151,60,151,151,154,151,16,51,178,2,152,152,152,152,56,3,152,157,40,152,148,134,6,152,102,37,152,62,33,152,31,168,76,23,152,152,152,89,23,15,14,3,152,8,199,8,20,9,76,152,16,152,92,157,152,152,94,107,94,94,153,88,153,2,94,153,153,67,153,94,153,137,116,153,70,159,94,102,94,145,87,153,153,133,94,94
153,174,70,145,153,94,49,94,94,87,94,63,94,153,80,94,94,127,94,153,154,75,124,154,51,76,157,162,154,165,124,154,154,106,91,170,170,154,154,154,154,66,170,109,157,99,137,154,75,157,145,75,194,195,170,154,154,75,154,154,154,108,129,170,154,89,198,154,194,154,155,154,155,117,172,155,13,155,63,193,172,163,155,123,15,148,151,92,87,151,155,161,40,21,36,163,87,87,155,155,117,75,107,23,110,104,177,155,145,125,87,86,86,155,124,155,188,160,194,76,112,123,63,123,131,16,77,193
16,136,42,163,8,48,156,127,130,110,24,180,88,99,110,156,151,123,117,42,106,63,123,28,84,131,187,75,156,100,131,40,130,81,75,174,74,155,106,51,76,55,197,157,157,195,71,157,157,12,152,157,173,170,159,157,194,19,196,66,194,84,173,195,113,157,176,39,198,154,157,12,158,170,162,126,157,132,75,194,96,92,167,129,197,154,157,197,157,157,61,55,74,51,158,176,150,158,158,60,108,24,149,158,175,118,63,158,154,28,11,148,53,53,60,28,169,76,158,63,67,168,42,197,158,158,158,49
163,158,56,55,35,85,0,158,100,158,158,117,101,155,23,22,180,99,123,59,109,126,99,40,142,16,167,72,159,162,99,113,100,180,4,91,198,42,99,125,22,8,124,159,67,131,159,11,122,41,187,76,159,47,96,113,46,51,72,58,7,42,109,136,160,139,179,89,172,63,160,160,80,109,167,160,155,42,87,172,180,172,100,109,160,160,73,160,155,160,160,104,89,3,171,160,92,3,151,76,139,32,32,92,11,63,172,160,172,87,160,160,182,76,104,195,32,100,189,161,183,161,144,108,75,106,54,31
169,161,20,181,161,161,33,32,31,34,99,113,149,161,72,25,29,148,60,31,63,161,32,161,148,182,162,13,56,179,47,161,27,148,79,161,170,162,162,162,66,163,194,56,162,14,137,67,162,173,162,91,56,162,162,129,162,91,114,162,6,162,170,14,137,129,76,162,63,119,124,67,4,102,53,66,66,162,162,122,66,162,66,162,12,162,101,55,92,169,163,59,171,147,123,85,128,163,163,163,125,163,59,82,163,109,163,131,163,163,106,163,68,75,109,21,88,68,168,163,127,43,163,16,99,163,114,163
75,163,163,59,108,118,163,20,107,164,164,114,35,12,121,164,164,114,49,164,114,84,164,18,154,56,139,164,66,115,151,63,164,54,164,114,164,164,114,61,92,107,2,157,50,108,13,70,114,139,194,94,111,84,58,164,116,49,66,165,165,165,66,165,102,170,165,165,165,72,170,96,165,126,165,165,165,165,124,162,5,165,165,49,165,81,165,76,12,165,165,165,165,67,165,21,165,165,165,165,170,66,66,170,67,154,165,63,107,166,102,166,94,166,166,166,84,166,166,63,166,84,166,166,166,166,166,166
67,166,166,166,166,165,165,166,166,133,166,20,145,166,166,166,166,146,121,166,107,154,166,166,166,115,107,166,82,140,101,76,135,172,167,61,92,167,168,150,167,129,72,129,127,151,55,176,109,127,128,65,128,167,167,76,167,92,76,129,125,135,142,167,172,129,167,127,167,139,118,99,167,62,167,86,167,86,119,61,150,152,168,0,36,63,75,170,164,114,59,59,75,164,64,31,75,79,121,168,168,127,67,40,149,63,66,158,164,114,60,75,168,84,161,81,131,135,168,43,79,122,67,63,95,84,168,116
64,59,145,32,179,169,169,169,172,169,105,169,57,169,148,140,73,169,169,124,98,60,37,169,126,169,105,169,149,169,180,105,16,119,128,142,149,169,169,134,136,72,169,120,140,120,105,169,169,89,169,169,129,73,170,170,154,170,170,162,194,170,170,170,194,129,76,67,170,194,96,66,170,170,51,2,170,53,170,170,170,129,170,66,84,76,170,170,170,170,170,165,170,4,170,170,170,85,154,170,66,133,131,131,171,169,99,171,109,139,142,135,29,171,136,7,171,84,132,163,109,171,168,171,176,3,24,28
95,171,119,49,118,168,52,171,63,171,28,171,171,169,118,171,68,68,171,139,114,68,28,171,100,172,135,172,172,110,106,63,90,172,171,67,172,89,160,149,127,152,96,160,172,67,172,79,108,117,131,129,182,88,172,172,105,199,72,63,104,84,123,80,0,72,172,172,118,160,92,135,24,172,55,63,151,173,126,53,75,123,173,154,63,75,29,129,51,105,173,173,63,61,173,71,173,173,173,173,173,154,73,157,66,118,170,173,173,173,119,157,173,53,173,165,173,173,173,173,60,173,173,173,147,11,104,190
174,174,14,63,176,183,137,137,174,174,104,119,46,3,94,104,174,183,174,2,174,174,174,174,67,104,183,5,174,15,104,174,182,175,174,174,70,95,151,174,175,174,183,174,188,3,137,104,175,26,123,9,67,2,175,183,92,67,89,18,59,122,99,175,110,182,175,163,131,123,99,174,109,76,91,104,100,26,159,13,75,174,123,40,67,68,110,59,175,74,174,175,182,147,180,18,176,176,93,176,176,176,176,176,12,176,89,176,176,176,176,176,24,176,58,176,176,123,176,176,176,38,115,176,119,126,86,176
176,99,62,176,176,176,176,82,176,115,176,110,176,148,12,60,149,176,148,177,0,177,177,177,41,177,92,177,199,179,182,38,29,177,181,177,10,36,172,15,182,177,177,29,158,177,177,177,168,174,179,39,179,46,181,177,117,104,178,106,36,177,105,175,182,182,177,92,35,175,188,182,37,199,178,183,39,178,183,178,178,16,178,178,178,190,178,178,182,148,178,178,175,178,182,176,3,46,174,181,178,178,183,182,178,183,178,178,39,188,178,178,182,42,69,2,174,175,182,117,172,6,86,122,89,179,14,104
47,179,177,189,177,109,29,179,188,31,177,181,179,12,89,46,177,110,182,7,161,181,136,179,168,179,182,183,179,66,74,29,177,72,38,161,59,179,161,92,123,109,74,149,131,180,180,26,99,123,127,123,60,180,99,168,75,187,127,151,172,131,55,136,150,180,106,49,199,54,113,180,184,180,85,123,28,74,68,71,114,150,85,2,131,158,180,181,180,0,5,181,59,3,181,59,177,174,193,16,5,181,181,163,181,181,34,22,177,54,80,26,63,181,3,181,131,6,181,181,83,104,162,73,132,181,0,190
191,179,181,92,3,6,187,148,177,181,181,181,182,117,18,177,182,28,1,182,182,188,182,182,182,3,177,24,182,182,175,182,175,123,160,182,183,182,91,6,182,182,183,0,183,177,192,182,131,182,182,177,6,188,23,47,53,183,182,183,182,182,183,174,0,188,182,183,31,183,183,183,183,148,183,199,183,110,183,42,32,183,183,39,155,183,183,38,183,183,42,183,183,182,40,23,183,183,182,64,183,183,179,63,117,182,46,182,182,178,178,199,199,199,187,184,184,184,184,199,199,0,184,184,16,55,179,178
189,2,186,187,42,187,39,184,199,184,184,184,184,160,199,168,186,159,199,184,138,186,184,130,184,186,184,72,187,184,184,183,184,187,89,54,124,190,15,185,31,45,5,54,162,185,16,185,54,33,170,162,185,151,173,199,48,46,185,3,6,185,185,185,129,185,164,16,46,185,0,152,52,185,185,15,185,185,157,92,185,3,185,42,188,174,186,187,187,186,45,188,196,187,186,16,13,186,187,186,174,21,186,180,0,86,186,37,184,188,0,181,187,190,183,186,186,174,187,186,186,189,76,109,60,199,186,186
122,186,188,187,7,188,187,59,14,187,187,0,187,187,187,21,187,183,2,188,188,187,188,187,187,187,168,45,187,188,42,188,188,184,187,38,21,199,16,199,184,42,187,187,187,178,181,187,187,187,178,187,187,104,182,175,188,38,184,99,181,188,99,172,187,188,21,89,186,187,18,188,192,109,188,187,39,187,6,184,39,188,21,175,23,186,60,99,59,13,42,188,45,187,92,188,192,19,42,131,199,155,3,188,14,182,189,36,131,189,189,189,15,45,58,189,178,44,189,189,189,179,24,24,189,189,199,189
0,189,199,189,90,189,149,161,199,37,134,189,7,182,39,189,38,189,189,184,151,189,189,184,189,25,189,189,190,104,177,177,190,175,175,190,182,46,190,37,89,182,182,177,89,91,2,190,177,191,89,175,190,184,115,182,53,174,6,182,191,182,18,179,175,79,190,190,190,89,181,190,2,177,180,177,182,177,59,191,191,174,191,9,3,191,181,191,5,191,3,190,190,190,175,191,191,191,177,191,192,125,183,9,182,191,191,181,104,191,37,191,191,191,191,191,191,191,174,191,179,191,191,191,191,191,104,1
182,182,16,25,182,192,89,182,186,191,89,191,181,175,187,181,179,192,182,66,46,192,190,182,182,182,190,181,175,192,193,190,192,6,0,182,192,117,190,175,192,192,192,192,199,182,192,67,190,15,92,193,193,193,193,99,193,193,192,193,193,193,193,24,193,180,26,193,193,193,193,192,193,193,59,181,160,193,122,172,113,193,67,193,7,113,193,22,175,193,160,193,193,193,182,193,193,13,193,104,194,50,32,23,194,196,194,194,94,194,194,194,84,194,194,198,194,11,66,194,22,114,194,194,194,71,75,195
194,96,194,172,194,194,114,194,22,195,194,159,96,197,194,194,162,194,119,198,13,194,122,195,119,197,190,197,195,55,84,195,197,99,197,195,9,194,66,197,194,170,195,195,194,96,57,157,197,127,194,194,75,194,195,197,194,96,126,170,195,119,124,186,194,195,194,12,49,165,195,51,194,23,196,46,196,194,46,14,93,196,199,55,196,14,14,196,196,194,196,19,23,46,196,51,196,183,51,196,14,196,51,13,14,196,196,14,197,196,194,196,196,16,196,196,46,196,196,1,46,23,84,94,198,197,194,198
197,23,194,102,75,198,84,115,196,23,197,198,197,148,170,197,197,197,170,197,198,194,170,197,198,197,71,194,51,51,197,170,42,148,66,29,53,145,196,198,20,78,170,75,197,198,198,74,197,198,198,197,198,23,198,198,198,195,52,96,96,198,107,197,198,197,96,115,198,198,148,198,198,66,0,102,136,198,158,109,198,198,102,194,197,159,198,27,195,198,198,198,198,197,42,16,184,199,199,67,172,199,199,3,45,187,197,117,199,66,199,69,16,137,15,79,3,199,180,15,3,199,179,199,199,199,11,199
32,199,35,199,42,3,0,114,6,99,15,73,199,55,40,36
